"ID","Process ID","Process Name","Host Name","Kernel Name","Context","Stream","Block Size","Grid Size","Device","CC","c2clink__enabled_mask","c2clink__present","derived__local_spilling_requests","derived__local_spilling_requests_pct","derived__pct_occupancy_per_barrier_count","derived__pct_occupancy_per_block_size","derived__pct_occupancy_per_register_count","derived__pct_occupancy_per_shared_mem_size","derived_tempMetric0","device__attribute_architecture","device__attribute_async_engine_count","device__attribute_can_flush_remote_writes","device__attribute_can_map_host_memory","device__attribute_can_tex2d_gather","device__attribute_can_use_64_bit_stream_mem_ops","device__attribute_can_use_64_bit_stream_mem_ops_v1","device__attribute_can_use_host_pointer_for_registered_mem","device__attribute_can_use_stream_mem_ops_v1","device__attribute_can_use_stream_wait_value_nor","device__attribute_can_use_stream_wait_value_nor_v1","device__attribute_chip","device__attribute_clock_rate","device__attribute_cluster_launch","device__attribute_compute_capability_major","device__attribute_compute_capability_minor","device__attribute_compute_mode","device__attribute_compute_preemption_supported","device__attribute_concurrent_kernels","device__attribute_concurrent_managed_access","device__attribute_confidential_computing_mode","device__attribute_cooperative_launch","device__attribute_cooperative_multi_device_launch","device__attribute_deferred_mapping_cuda_array_supported","device__attribute_device_index","device__attribute_direct_managed_mem_access_from_host","device__attribute_display_name","device__attribute_dma_buf_supported","device__attribute_ecc_enabled","device__attribute_fb_bus_width","device__attribute_fbp_count","device__attribute_generic_compression_supported","device__attribute_global_l1_cache_supported","device__attribute_global_memory_bus_width","device__attribute_gpu_direct_rdma_flush_writes_options","device__attribute_gpu_direct_rdma_supported","device__attribute_gpu_direct_rdma_with_cuda_vmm_supported","device__attribute_gpu_direct_rdma_writes_ordering","device__attribute_gpu_overlap","device__attribute_gpu_pci_device_id","device__attribute_gpu_pci_ext_device_id","device__attribute_gpu_pci_ext_downstream_link_rate","device__attribute_gpu_pci_ext_downstream_link_width","device__attribute_gpu_pci_ext_gen","device__attribute_gpu_pci_ext_gpu_gen","device__attribute_gpu_pci_ext_gpu_link_rate","device__attribute_gpu_pci_ext_gpu_link_width","device__attribute_gpu_pci_revision_id","device__attribute_gpu_pci_sub_system_id","device__attribute_handle_type_fabric_supported","device__attribute_handle_type_posix_file_descriptor_supported","device__attribute_handle_type_win32_handle_supported","device__attribute_handle_type_win32_kmt_handle_supported","device__attribute_host_native_atomic_supported","device__attribute_host_numa_id","device__attribute_host_register_supported","device__attribute_implementation","device__attribute_integrated","device__attribute_ipc_event_supported","device__attribute_kernel_exec_timeout","device__attribute_l2_cache_size","device__attribute_l2s_count","device__attribute_limits_max_cta_per_sm","device__attribute_limits_num_tpcs","device__attribute_local_l1_cache_supported","device__attribute_managed_memory","device__attribute_max_access_policy_window_size","device__attribute_max_block_dim_x","device__attribute_max_block_dim_y","device__attribute_max_block_dim_z","device__attribute_max_blocks_per_multiprocessor","device__attribute_max_gpu_frequency_khz","device__attribute_max_grid_dim_x","device__attribute_max_grid_dim_y","device__attribute_max_grid_dim_z","device__attribute_max_ipc_per_multiprocessor","device__attribute_max_ipc_per_scheduler","device__attribute_max_mem_frequency_khz","device__attribute_max_persisting_l2_cache_size","device__attribute_max_pitch","device__attribute_max_registers_per_block","device__attribute_max_registers_per_multiprocessor","device__attribute_max_registers_per_thread","device__attribute_max_shared_memory_per_block","device__attribute_max_shared_memory_per_block_optin","device__attribute_max_shared_memory_per_multiprocessor","device__attribute_max_threads_per_block","device__attribute_max_threads_per_multiprocessor","device__attribute_max_warps_per_multiprocessor","device__attribute_max_warps_per_scheduler","device__attribute_maximum_surface1d_layered_layers","device__attribute_maximum_surface1d_layered_width","device__attribute_maximum_surface1d_width","device__attribute_maximum_surface2d_height","device__attribute_maximum_surface2d_layered_height","device__attribute_maximum_surface2d_layered_layers","device__attribute_maximum_surface2d_layered_width","device__attribute_maximum_surface2d_width","device__attribute_maximum_surface3d_depth","device__attribute_maximum_surface3d_height","device__attribute_maximum_surface3d_width","device__attribute_maximum_surfacecubemap_layered_layers","device__attribute_maximum_surfacecubemap_layered_width","device__attribute_maximum_surfacecubemap_width","device__attribute_maximum_texture1d_layered_layers","device__attribute_maximum_texture1d_layered_width","device__attribute_maximum_texture1d_linear_width","device__attribute_maximum_texture1d_mipmapped_width","device__attribute_maximum_texture1d_width","device__attribute_maximum_texture2d_gather_height","device__attribute_maximum_texture2d_gather_width","device__attribute_maximum_texture2d_height","device__attribute_maximum_texture2d_layered_height","device__attribute_maximum_texture2d_layered_layers","device__attribute_maximum_texture2d_layered_width","device__attribute_maximum_texture2d_linear_height","device__attribute_maximum_texture2d_linear_pitch","device__attribute_maximum_texture2d_linear_width","device__attribute_maximum_texture2d_mipmapped_height","device__attribute_maximum_texture2d_mipmapped_width","device__attribute_maximum_texture2d_width","device__attribute_maximum_texture3d_depth","device__attribute_maximum_texture3d_depth_alternate","device__attribute_maximum_texture3d_height","device__attribute_maximum_texture3d_height_alternate","device__attribute_maximum_texture3d_width","device__attribute_maximum_texture3d_width_alternate","device__attribute_maximum_texturecubemap_layered_layers","device__attribute_maximum_texturecubemap_layered_width","device__attribute_maximum_texturecubemap_width","device__attribute_mem_sync_domain_count","device__attribute_memory_clock_rate","device__attribute_memory_pools_supported","device__attribute_mempool_supported_handle_types","device__attribute_mps_enabled","device__attribute_multi_gpu_board","device__attribute_multi_gpu_board_group_id","device__attribute_multicast_supported","device__attribute_multiprocessor_count","device__attribute_num_l2s_per_fbp","device__attribute_num_schedulers_per_multiprocessor","device__attribute_num_tex_per_multiprocessor","device__attribute_numa_config","device__attribute_pageable_memory_access","device__attribute_pageable_memory_access_uses_host_page_tables","device__attribute_pci_bus_id","device__attribute_pci_device_id","device__attribute_pci_domain_id","device__attribute_ram_location","device__attribute_ram_type","device__attribute_reserved_shared_memory_per_block","device__attribute_sass_level","device__attribute_single_to_double_precision_perf_ratio","device__attribute_sparse_cuda_array_supported","device__attribute_stream_priorities_supported","device__attribute_surface_alignment","device__attribute_tcc_driver","device__attribute_tensor_map_access_supported","device__attribute_texture_alignment","device__attribute_texture_pitch_alignment","device__attribute_total_constant_memory","device__attribute_total_memory","device__attribute_unified_addressing","device__attribute_unified_function_pointers","device__attribute_virtual_address_management_supported","device__attribute_warp_size","dram__bytes.avg.per_second","dram__bytes.max.per_second","dram__bytes.min.per_second","dram__bytes.sum.per_second","dram__cycles_active.avg.pct_of_peak_sustained_elapsed","dram__cycles_active.max.pct_of_peak_sustained_elapsed","dram__cycles_active.min.pct_of_peak_sustained_elapsed","dram__cycles_active.sum.pct_of_peak_sustained_elapsed","dram__cycles_elapsed.avg.per_second","dram__cycles_elapsed.max.per_second","dram__cycles_elapsed.min.per_second","dram__cycles_elapsed.sum.per_second","fbpa__dram_sectors.avg.pct_of_peak_sustained_elapsed","fbpa__dram_sectors.max.pct_of_peak_sustained_elapsed","fbpa__dram_sectors.min.pct_of_peak_sustained_elapsed","fbpa__dram_sectors.sum.pct_of_peak_sustained_elapsed","gpc__cycles_elapsed.avg","gpc__cycles_elapsed.avg.per_second","gpc__cycles_elapsed.max","gpc__cycles_elapsed.max.per_second","gpc__cycles_elapsed.min","gpc__cycles_elapsed.min.per_second","gpc__cycles_elapsed.sum","gpc__cycles_elapsed.sum.per_second","gpu__compute_memory_access_throughput.avg.pct_of_peak_sustained_elapsed","gpu__compute_memory_access_throughput.max.pct_of_peak_sustained_elapsed","gpu__compute_memory_access_throughput.min.pct_of_peak_sustained_elapsed","gpu__compute_memory_access_throughput.sum.pct_of_peak_sustained_elapsed","gpu__compute_memory_access_throughput_internal_activity.avg.pct_of_peak_sustained_elapsed","gpu__compute_memory_access_throughput_internal_activity.max.pct_of_peak_sustained_elapsed","gpu__compute_memory_access_throughput_internal_activity.min.pct_of_peak_sustained_elapsed","gpu__compute_memory_access_throughput_internal_activity.sum.pct_of_peak_sustained_elapsed","gpu__compute_memory_request_throughput.avg.pct_of_peak_sustained_elapsed","gpu__compute_memory_request_throughput.max.pct_of_peak_sustained_elapsed","gpu__compute_memory_request_throughput.min.pct_of_peak_sustained_elapsed","gpu__compute_memory_request_throughput.sum.pct_of_peak_sustained_elapsed","gpu__compute_memory_request_throughput_internal_activity.avg.pct_of_peak_sustained_elapsed","gpu__compute_memory_request_throughput_internal_activity.max.pct_of_peak_sustained_elapsed","gpu__compute_memory_request_throughput_internal_activity.min.pct_of_peak_sustained_elapsed","gpu__compute_memory_request_throughput_internal_activity.sum.pct_of_peak_sustained_elapsed","gpu__compute_memory_throughput.avg.pct_of_peak_sustained_elapsed","gpu__compute_memory_throughput.max.pct_of_peak_sustained_elapsed","gpu__compute_memory_throughput.min.pct_of_peak_sustained_elapsed","gpu__compute_memory_throughput.sum.pct_of_peak_sustained_elapsed","gpu__dram_throughput.avg.pct_of_peak_sustained_elapsed","gpu__dram_throughput.max.pct_of_peak_sustained_elapsed","gpu__dram_throughput.min.pct_of_peak_sustained_elapsed","gpu__dram_throughput.sum.pct_of_peak_sustained_elapsed","gpu__time_duration.avg","gpu__time_duration.max","gpu__time_duration.min","gpu__time_duration.sum","gr__workids_granted.avg","gr__workids_granted.max","gr__workids_granted.min","gr__workids_granted.sum","gr__workids_granted_as_ctas.avg","gr__workids_granted_as_ctas.max","gr__workids_granted_as_ctas.min","gr__workids_granted_as_ctas.sum","gr__workids_requested.avg","gr__workids_requested.max","gr__workids_requested.min","gr__workids_requested.sum","idc__request_cycles_active.avg.pct_of_peak_sustained_elapsed","idc__request_cycles_active.max.pct_of_peak_sustained_elapsed","idc__request_cycles_active.min.pct_of_peak_sustained_elapsed","idc__request_cycles_active.sum.pct_of_peak_sustained_elapsed","l1tex__data_bank_conflicts_pipe_lsu_mem_shared_op_ld.avg","l1tex__data_bank_conflicts_pipe_lsu_mem_shared_op_ld.max","l1tex__data_bank_conflicts_pipe_lsu_mem_shared_op_ld.min","l1tex__data_bank_conflicts_pipe_lsu_mem_shared_op_ld.sum","l1tex__data_bank_conflicts_pipe_lsu_mem_shared_op_st.avg","l1tex__data_bank_conflicts_pipe_lsu_mem_shared_op_st.max","l1tex__data_bank_conflicts_pipe_lsu_mem_shared_op_st.min","l1tex__data_bank_conflicts_pipe_lsu_mem_shared_op_st.sum","l1tex__data_bank_reads.avg.pct_of_peak_sustained_elapsed","l1tex__data_bank_reads.max.pct_of_peak_sustained_elapsed","l1tex__data_bank_reads.min.pct_of_peak_sustained_elapsed","l1tex__data_bank_reads.sum.pct_of_peak_sustained_elapsed","l1tex__data_bank_writes.avg.pct_of_peak_sustained_elapsed","l1tex__data_bank_writes.max.pct_of_peak_sustained_elapsed","l1tex__data_bank_writes.min.pct_of_peak_sustained_elapsed","l1tex__data_bank_writes.sum.pct_of_peak_sustained_elapsed","l1tex__data_pipe_lsu_wavefronts.avg.pct_of_peak_sustained_elapsed","l1tex__data_pipe_lsu_wavefronts.max.pct_of_peak_sustained_elapsed","l1tex__data_pipe_lsu_wavefronts.min.pct_of_peak_sustained_elapsed","l1tex__data_pipe_lsu_wavefronts.sum.pct_of_peak_sustained_elapsed","l1tex__data_pipe_tex_wavefronts.avg.pct_of_peak_sustained_elapsed","l1tex__data_pipe_tex_wavefronts.max.pct_of_peak_sustained_elapsed","l1tex__data_pipe_tex_wavefronts.min.pct_of_peak_sustained_elapsed","l1tex__data_pipe_tex_wavefronts.sum.pct_of_peak_sustained_elapsed","l1tex__f_wavefronts.avg.pct_of_peak_sustained_elapsed","l1tex__f_wavefronts.max.pct_of_peak_sustained_elapsed","l1tex__f_wavefronts.min.pct_of_peak_sustained_elapsed","l1tex__f_wavefronts.sum.pct_of_peak_sustained_elapsed","l1tex__lsu_writeback_active.avg.pct_of_peak_sustained_elapsed","l1tex__lsu_writeback_active.max.pct_of_peak_sustained_elapsed","l1tex__lsu_writeback_active.min.pct_of_peak_sustained_elapsed","l1tex__lsu_writeback_active.sum.pct_of_peak_sustained_elapsed","l1tex__lsuin_requests.avg.pct_of_peak_sustained_elapsed","l1tex__lsuin_requests.max.pct_of_peak_sustained_elapsed","l1tex__lsuin_requests.min.pct_of_peak_sustained_elapsed","l1tex__lsuin_requests.sum.pct_of_peak_sustained_elapsed","l1tex__m_l1tex2xbar_req_cycles_active.avg.pct_of_peak_sustained_elapsed","l1tex__m_l1tex2xbar_req_cycles_active.max.pct_of_peak_sustained_elapsed","l1tex__m_l1tex2xbar_req_cycles_active.min.pct_of_peak_sustained_elapsed","l1tex__m_l1tex2xbar_req_cycles_active.sum.pct_of_peak_sustained_elapsed","l1tex__m_xbar2l1tex_read_sectors.avg.pct_of_peak_sustained_elapsed","l1tex__m_xbar2l1tex_read_sectors.max.pct_of_peak_sustained_elapsed","l1tex__m_xbar2l1tex_read_sectors.min.pct_of_peak_sustained_elapsed","l1tex__m_xbar2l1tex_read_sectors.sum.pct_of_peak_sustained_elapsed","l1tex__m_xbar2l1tex_read_sectors_mem_dshared.avg.pct_of_peak_sustained_elapsed","l1tex__m_xbar2l1tex_read_sectors_mem_dshared.max.pct_of_peak_sustained_elapsed","l1tex__m_xbar2l1tex_read_sectors_mem_dshared.min.pct_of_peak_sustained_elapsed","l1tex__m_xbar2l1tex_read_sectors_mem_dshared.sum.pct_of_peak_sustained_elapsed","l1tex__t_sector_hit_rate.pct","l1tex__t_sectors_pipe_lsu_mem_local_op_ld.avg","l1tex__t_sectors_pipe_lsu_mem_local_op_ld.max","l1tex__t_sectors_pipe_lsu_mem_local_op_ld.min","l1tex__t_sectors_pipe_lsu_mem_local_op_ld.sum","l1tex__t_sectors_pipe_lsu_mem_local_op_st.avg","l1tex__t_sectors_pipe_lsu_mem_local_op_st.max","l1tex__t_sectors_pipe_lsu_mem_local_op_st.min","l1tex__t_sectors_pipe_lsu_mem_local_op_st.sum","l1tex__tex_writeback_active.avg.pct_of_peak_sustained_elapsed","l1tex__tex_writeback_active.max.pct_of_peak_sustained_elapsed","l1tex__tex_writeback_active.min.pct_of_peak_sustained_elapsed","l1tex__tex_writeback_active.sum.pct_of_peak_sustained_elapsed","l1tex__texin_sm2tex_req_cycles_active.avg.pct_of_peak_sustained_elapsed","l1tex__texin_sm2tex_req_cycles_active.max.pct_of_peak_sustained_elapsed","l1tex__texin_sm2tex_req_cycles_active.min.pct_of_peak_sustained_elapsed","l1tex__texin_sm2tex_req_cycles_active.sum.pct_of_peak_sustained_elapsed","l1tex__throughput.avg.pct_of_peak_sustained_active","l1tex__throughput.max.pct_of_peak_sustained_active","l1tex__throughput.min.pct_of_peak_sustained_active","l1tex__throughput.sum.pct_of_peak_sustained_active","l1tex__tmain_requests.avg.pct_of_peak_sustained_elapsed","l1tex__tmain_requests.max.pct_of_peak_sustained_elapsed","l1tex__tmain_requests.min.pct_of_peak_sustained_elapsed","l1tex__tmain_requests.sum.pct_of_peak_sustained_elapsed","launch__barrier_count","launch__block_dim_x","launch__block_dim_y","launch__block_dim_z","launch__block_size","launch__cluster_dim_x","launch__cluster_dim_y","launch__cluster_dim_z","launch__cluster_max_active","launch__cluster_max_potential_size","launch__cluster_scheduling_policy","launch__cluster_size","launch__context_id","launch__device_id","launch__func_cache_config","launch__function_pcs","launch__grid_dim_x","launch__grid_dim_y","launch__grid_dim_z","launch__grid_size","launch__kernel_name","launch__occupancy_cluster_gpu_pct","launch__occupancy_cluster_pct","launch__occupancy_limit_barriers","launch__occupancy_limit_blocks","launch__occupancy_limit_registers","launch__occupancy_limit_shared_mem","launch__occupancy_limit_warps","launch__occupancy_per_barrier_count","launch__occupancy_per_block_size","launch__occupancy_per_cluster_size","launch__occupancy_per_register_count","launch__occupancy_per_shared_mem_size","launch__persisting_l2_cache_size","launch__preferred_cluster_dim_x","launch__preferred_cluster_dim_y","launch__preferred_cluster_dim_z","launch__preferred_cluster_size","launch__registers_per_thread","launch__registers_per_thread_allocated","launch__shared_mem_config_size","launch__shared_mem_per_block","launch__shared_mem_per_block_allocated","launch__shared_mem_per_block_driver","launch__shared_mem_per_block_dynamic","launch__shared_mem_per_block_static","launch__sm_count","launch__stack_size","launch__stream_id","launch__thread_count","launch__tpc_count","launch__tpc_enabled","launch__uses_cdp","launch__uses_green_context","launch__uses_mps","launch__uses_nvlink_centric_scheduling","launch__uses_vgpu","launch__waves_per_multiprocessor","lrc__average_ilc_input_sector_success_rate.pct","lrc__average_ilc_output_sector_compression_achieved_rate.pct","lrc__ilc_input_sectors.sum","lts__d_atomic_input_cycles_active.avg.pct_of_peak_sustained_elapsed","lts__d_atomic_input_cycles_active.max.pct_of_peak_sustained_elapsed","lts__d_atomic_input_cycles_active.min.pct_of_peak_sustained_elapsed","lts__d_atomic_input_cycles_active.sum.pct_of_peak_sustained_elapsed","lts__d_decomp_input_sectors.avg.pct_of_peak_sustained_elapsed","lts__d_decomp_input_sectors.max.pct_of_peak_sustained_elapsed","lts__d_decomp_input_sectors.min.pct_of_peak_sustained_elapsed","lts__d_decomp_input_sectors.sum.pct_of_peak_sustained_elapsed","lts__d_sectors.avg.pct_of_peak_sustained_elapsed","lts__d_sectors.max.pct_of_peak_sustained_elapsed","lts__d_sectors.min.pct_of_peak_sustained_elapsed","lts__d_sectors.sum.pct_of_peak_sustained_elapsed","lts__d_sectors_fill_device.avg.pct_of_peak_sustained_elapsed","lts__d_sectors_fill_device.max.pct_of_peak_sustained_elapsed","lts__d_sectors_fill_device.min.pct_of_peak_sustained_elapsed","lts__d_sectors_fill_device.sum.pct_of_peak_sustained_elapsed","lts__lts2xbar_cycles_active.avg.pct_of_peak_sustained_elapsed","lts__lts2xbar_cycles_active.max.pct_of_peak_sustained_elapsed","lts__lts2xbar_cycles_active.min.pct_of_peak_sustained_elapsed","lts__lts2xbar_cycles_active.sum.pct_of_peak_sustained_elapsed","lts__t_sector_hit_rate.pct","lts__t_sectors.avg.pct_of_peak_sustained_elapsed","lts__t_sectors.max.pct_of_peak_sustained_elapsed","lts__t_sectors.min.pct_of_peak_sustained_elapsed","lts__t_sectors.sum.pct_of_peak_sustained_elapsed","lts__t_tag_requests.avg.pct_of_peak_sustained_elapsed","lts__t_tag_requests.max.pct_of_peak_sustained_elapsed","lts__t_tag_requests.min.pct_of_peak_sustained_elapsed","lts__t_tag_requests.sum.pct_of_peak_sustained_elapsed","lts__throughput.avg.pct_of_peak_sustained_elapsed","lts__throughput.max.pct_of_peak_sustained_elapsed","lts__throughput.min.pct_of_peak_sustained_elapsed","lts__throughput.sum.pct_of_peak_sustained_elapsed","lts__xbar2lts_cycles_active.avg.pct_of_peak_sustained_elapsed","lts__xbar2lts_cycles_active.max.pct_of_peak_sustained_elapsed","lts__xbar2lts_cycles_active.min.pct_of_peak_sustained_elapsed","lts__xbar2lts_cycles_active.sum.pct_of_peak_sustained_elapsed","numa__cpu_affinity","numa__dev_display_name_all","numa__id_cpu","numa__id_memory","nvlink__bandwidth","nvlink__count_logical","nvlink__count_physical","nvlink__destination_ports","nvlink__dev0Id","nvlink__dev0type","nvlink__dev1Id","nvlink__dev1type","nvlink__dev_display_name_all","nvlink__enabled_mask","nvlink__is_direct_link","nvlink__is_nvswitch_connected","nvlink__max_count","nvlink__peer_access","nvlink__peer_atomic","nvlink__source_ports","nvlink__system_access","nvlink__system_atomic","profiler__perfworks_session_reuse","profiler__replayer_bytes_mem_accessible.avg","profiler__replayer_bytes_mem_accessible.max","profiler__replayer_bytes_mem_accessible.min","profiler__replayer_bytes_mem_accessible.sum","profiler__replayer_bytes_mem_backed_up.avg","profiler__replayer_bytes_mem_backed_up.max","profiler__replayer_bytes_mem_backed_up.min","profiler__replayer_bytes_mem_backed_up.sum","profiler__replayer_passes","profiler__replayer_passes_type_warmup","sm__cycles_active.avg","sm__cycles_active.max","sm__cycles_active.min","sm__cycles_active.sum","sm__inst_executed.avg.pct_of_peak_sustained_elapsed","sm__inst_executed.max.pct_of_peak_sustained_elapsed","sm__inst_executed.min.pct_of_peak_sustained_elapsed","sm__inst_executed.sum.pct_of_peak_sustained_elapsed","sm__inst_executed_pipe_adu.avg.pct_of_peak_sustained_elapsed","sm__inst_executed_pipe_adu.max.pct_of_peak_sustained_elapsed","sm__inst_executed_pipe_adu.min.pct_of_peak_sustained_elapsed","sm__inst_executed_pipe_adu.sum.pct_of_peak_sustained_elapsed","sm__inst_executed_pipe_cbu_pred_on_any.avg.pct_of_peak_sustained_elapsed","sm__inst_executed_pipe_cbu_pred_on_any.max.pct_of_peak_sustained_elapsed","sm__inst_executed_pipe_cbu_pred_on_any.min.pct_of_peak_sustained_elapsed","sm__inst_executed_pipe_cbu_pred_on_any.sum.pct_of_peak_sustained_elapsed","sm__inst_executed_pipe_ipa.avg.pct_of_peak_sustained_elapsed","sm__inst_executed_pipe_ipa.max.pct_of_peak_sustained_elapsed","sm__inst_executed_pipe_ipa.min.pct_of_peak_sustained_elapsed","sm__inst_executed_pipe_ipa.sum.pct_of_peak_sustained_elapsed","sm__inst_executed_pipe_lsu.avg.pct_of_peak_sustained_elapsed","sm__inst_executed_pipe_lsu.max.pct_of_peak_sustained_elapsed","sm__inst_executed_pipe_lsu.min.pct_of_peak_sustained_elapsed","sm__inst_executed_pipe_lsu.sum.pct_of_peak_sustained_elapsed","sm__inst_executed_pipe_tex.avg.pct_of_peak_sustained_elapsed","sm__inst_executed_pipe_tex.max.pct_of_peak_sustained_elapsed","sm__inst_executed_pipe_tex.min.pct_of_peak_sustained_elapsed","sm__inst_executed_pipe_tex.sum.pct_of_peak_sustained_elapsed","sm__inst_executed_pipe_uniform.avg.pct_of_peak_sustained_elapsed","sm__inst_executed_pipe_uniform.max.pct_of_peak_sustained_elapsed","sm__inst_executed_pipe_uniform.min.pct_of_peak_sustained_elapsed","sm__inst_executed_pipe_uniform.sum.pct_of_peak_sustained_elapsed","sm__instruction_throughput_internal_activity.avg.pct_of_peak_sustained_elapsed","sm__instruction_throughput_internal_activity.max.pct_of_peak_sustained_elapsed","sm__instruction_throughput_internal_activity.min.pct_of_peak_sustained_elapsed","sm__instruction_throughput_internal_activity.sum.pct_of_peak_sustained_elapsed","sm__issue_active.avg.pct_of_peak_sustained_elapsed","sm__issue_active.max.pct_of_peak_sustained_elapsed","sm__issue_active.min.pct_of_peak_sustained_elapsed","sm__issue_active.sum.pct_of_peak_sustained_elapsed","sm__maximum_warps_avg_per_active_cycle","sm__maximum_warps_per_active_cycle_pct","sm__mem_tensor_cycles_active.avg.pct_of_peak_sustained_elapsed","sm__mem_tensor_cycles_active.max.pct_of_peak_sustained_elapsed","sm__mem_tensor_cycles_active.min.pct_of_peak_sustained_elapsed","sm__mem_tensor_cycles_active.sum.pct_of_peak_sustained_elapsed","sm__memory_throughput.avg.pct_of_peak_sustained_elapsed","sm__memory_throughput.max.pct_of_peak_sustained_elapsed","sm__memory_throughput.min.pct_of_peak_sustained_elapsed","sm__memory_throughput.sum.pct_of_peak_sustained_elapsed","sm__memory_throughput_internal_activity.avg.pct_of_peak_sustained_elapsed","sm__memory_throughput_internal_activity.max.pct_of_peak_sustained_elapsed","sm__memory_throughput_internal_activity.min.pct_of_peak_sustained_elapsed","sm__memory_throughput_internal_activity.sum.pct_of_peak_sustained_elapsed","sm__mio2rf_writeback_active.avg.pct_of_peak_sustained_elapsed","sm__mio2rf_writeback_active.max.pct_of_peak_sustained_elapsed","sm__mio2rf_writeback_active.min.pct_of_peak_sustained_elapsed","sm__mio2rf_writeback_active.sum.pct_of_peak_sustained_elapsed","sm__mio_inst_issued.avg.pct_of_peak_sustained_elapsed","sm__mio_inst_issued.max.pct_of_peak_sustained_elapsed","sm__mio_inst_issued.min.pct_of_peak_sustained_elapsed","sm__mio_inst_issued.sum.pct_of_peak_sustained_elapsed","sm__mio_pq_read_cycles_active.avg.pct_of_peak_sustained_elapsed","sm__mio_pq_read_cycles_active.max.pct_of_peak_sustained_elapsed","sm__mio_pq_read_cycles_active.min.pct_of_peak_sustained_elapsed","sm__mio_pq_read_cycles_active.sum.pct_of_peak_sustained_elapsed","sm__mio_pq_write_cycles_active.avg.pct_of_peak_sustained_elapsed","sm__mio_pq_write_cycles_active.max.pct_of_peak_sustained_elapsed","sm__mio_pq_write_cycles_active.min.pct_of_peak_sustained_elapsed","sm__mio_pq_write_cycles_active.sum.pct_of_peak_sustained_elapsed","sm__pipe_alu_cycles_active.avg.pct_of_peak_sustained_elapsed","sm__pipe_alu_cycles_active.max.pct_of_peak_sustained_elapsed","sm__pipe_alu_cycles_active.min.pct_of_peak_sustained_elapsed","sm__pipe_alu_cycles_active.sum.pct_of_peak_sustained_elapsed","sm__pipe_fma_cycles_active.avg.pct_of_peak_sustained_elapsed","sm__pipe_fma_cycles_active.max.pct_of_peak_sustained_elapsed","sm__pipe_fma_cycles_active.min.pct_of_peak_sustained_elapsed","sm__pipe_fma_cycles_active.sum.pct_of_peak_sustained_elapsed","sm__pipe_fmaheavy_cycles_active.avg.pct_of_peak_sustained_elapsed","sm__pipe_fmaheavy_cycles_active.max.pct_of_peak_sustained_elapsed","sm__pipe_fmaheavy_cycles_active.min.pct_of_peak_sustained_elapsed","sm__pipe_fmaheavy_cycles_active.sum.pct_of_peak_sustained_elapsed","sm__pipe_fp64_cycles_active.avg.pct_of_peak_sustained_elapsed","sm__pipe_fp64_cycles_active.max.pct_of_peak_sustained_elapsed","sm__pipe_fp64_cycles_active.min.pct_of_peak_sustained_elapsed","sm__pipe_fp64_cycles_active.sum.pct_of_peak_sustained_elapsed","sm__pipe_tc_cycles_active.avg.pct_of_peak_sustained_elapsed","sm__pipe_tc_cycles_active.max.pct_of_peak_sustained_elapsed","sm__pipe_tc_cycles_active.min.pct_of_peak_sustained_elapsed","sm__pipe_tc_cycles_active.sum.pct_of_peak_sustained_elapsed","sm__pipe_tensor_cycles_active.avg.pct_of_peak_sustained_elapsed","sm__pipe_tensor_cycles_active.max.pct_of_peak_sustained_elapsed","sm__pipe_tensor_cycles_active.min.pct_of_peak_sustained_elapsed","sm__pipe_tensor_cycles_active.sum.pct_of_peak_sustained_elapsed","sm__pipe_tma_cycles_active.avg.pct_of_peak_sustained_elapsed","sm__pipe_tma_cycles_active.max.pct_of_peak_sustained_elapsed","sm__pipe_tma_cycles_active.min.pct_of_peak_sustained_elapsed","sm__pipe_tma_cycles_active.sum.pct_of_peak_sustained_elapsed","sm__pipe_xu_cycles_active.avg.pct_of_peak_sustained_elapsed","sm__pipe_xu_cycles_active.max.pct_of_peak_sustained_elapsed","sm__pipe_xu_cycles_active.min.pct_of_peak_sustained_elapsed","sm__pipe_xu_cycles_active.sum.pct_of_peak_sustained_elapsed","sm__throughput.avg.pct_of_peak_sustained_elapsed","sm__throughput.max.pct_of_peak_sustained_elapsed","sm__throughput.min.pct_of_peak_sustained_elapsed","sm__throughput.sum.pct_of_peak_sustained_elapsed","sm__warps_active.avg.pct_of_peak_sustained_active","sm__warps_active.avg.per_cycle_active","sm__warps_active.max.pct_of_peak_sustained_active","sm__warps_active.max.per_cycle_active","sm__warps_active.min.pct_of_peak_sustained_active","sm__warps_active.min.per_cycle_active","sm__warps_active.sum.pct_of_peak_sustained_active","sm__warps_active.sum.per_cycle_active","smsp__average_warp_latency_per_inst_issued.ratio","smsp__average_warps_active_per_inst_executed.ratio","smsp__average_warps_issue_stalled_barrier_per_issue_active.ratio","smsp__average_warps_issue_stalled_branch_resolving_per_issue_active.ratio","smsp__average_warps_issue_stalled_dispatch_stall_per_issue_active.ratio","smsp__average_warps_issue_stalled_drain_per_issue_active.ratio","smsp__average_warps_issue_stalled_lg_throttle_per_issue_active.ratio","smsp__average_warps_issue_stalled_long_scoreboard_per_issue_active.ratio","smsp__average_warps_issue_stalled_math_pipe_throttle_per_issue_active.ratio","smsp__average_warps_issue_stalled_membar_per_issue_active.ratio","smsp__average_warps_issue_stalled_mio_throttle_per_issue_active.ratio","smsp__average_warps_issue_stalled_misc_per_issue_active.ratio","smsp__average_warps_issue_stalled_no_instruction_per_issue_active.ratio","smsp__average_warps_issue_stalled_not_selected_per_issue_active.ratio","smsp__average_warps_issue_stalled_selected_per_issue_active.ratio","smsp__average_warps_issue_stalled_short_scoreboard_per_issue_active.ratio","smsp__average_warps_issue_stalled_sleeping_per_issue_active.ratio","smsp__average_warps_issue_stalled_tex_throttle_per_issue_active.ratio","smsp__average_warps_issue_stalled_wait_per_issue_active.ratio","smsp__issue_active.avg.pct_of_peak_sustained_active","smsp__issue_active.avg.per_cycle_active","smsp__issue_active.max.pct_of_peak_sustained_active","smsp__issue_active.max.per_cycle_active","smsp__issue_active.min.pct_of_peak_sustained_active","smsp__issue_active.min.per_cycle_active","smsp__issue_active.sum.pct_of_peak_sustained_active","smsp__issue_active.sum.per_cycle_active","smsp__issue_inst0.avg.pct_of_peak_sustained_active","smsp__issue_inst0.max.pct_of_peak_sustained_active","smsp__issue_inst0.min.pct_of_peak_sustained_active","smsp__issue_inst0.sum.pct_of_peak_sustained_active","smsp__maximum_warps_avg_per_active_cycle","smsp__thread_inst_executed_per_inst_executed.ratio","smsp__thread_inst_executed_pred_on_per_inst_executed.ratio","smsp__warps_active.avg.peak_sustained","smsp__warps_active.avg.per_cycle_active","smsp__warps_active.max.peak_sustained","smsp__warps_active.max.per_cycle_active","smsp__warps_active.min.peak_sustained","smsp__warps_active.min.per_cycle_active","smsp__warps_active.sum.peak_sustained","smsp__warps_active.sum.per_cycle_active","smsp__warps_eligible.avg.per_cycle_active","smsp__warps_eligible.max.per_cycle_active","smsp__warps_eligible.min.per_cycle_active","smsp__warps_eligible.sum.per_cycle_active","syslts__d_atomic_input_cycles_active.avg.pct_of_peak_sustained_elapsed","syslts__d_atomic_input_cycles_active.max.pct_of_peak_sustained_elapsed","syslts__d_atomic_input_cycles_active.min.pct_of_peak_sustained_elapsed","syslts__d_atomic_input_cycles_active.sum.pct_of_peak_sustained_elapsed","syslts__d_sectors.avg.pct_of_peak_sustained_elapsed","syslts__d_sectors.max.pct_of_peak_sustained_elapsed","syslts__d_sectors.min.pct_of_peak_sustained_elapsed","syslts__d_sectors.sum.pct_of_peak_sustained_elapsed","syslts__d_sectors_fill_sysmem.avg.pct_of_peak_sustained_elapsed","syslts__d_sectors_fill_sysmem.max.pct_of_peak_sustained_elapsed","syslts__d_sectors_fill_sysmem.min.pct_of_peak_sustained_elapsed","syslts__d_sectors_fill_sysmem.sum.pct_of_peak_sustained_elapsed","syslts__syslts2xbar_cycles_active.avg.pct_of_peak_sustained_elapsed","syslts__syslts2xbar_cycles_active.max.pct_of_peak_sustained_elapsed","syslts__syslts2xbar_cycles_active.min.pct_of_peak_sustained_elapsed","syslts__syslts2xbar_cycles_active.sum.pct_of_peak_sustained_elapsed","syslts__t_sectors.avg.pct_of_peak_sustained_elapsed","syslts__t_sectors.max.pct_of_peak_sustained_elapsed","syslts__t_sectors.min.pct_of_peak_sustained_elapsed","syslts__t_sectors.sum.pct_of_peak_sustained_elapsed","syslts__t_tag_requests.avg.pct_of_peak_sustained_elapsed","syslts__t_tag_requests.max.pct_of_peak_sustained_elapsed","syslts__t_tag_requests.min.pct_of_peak_sustained_elapsed","syslts__t_tag_requests.sum.pct_of_peak_sustained_elapsed","syslts__xbar2syslts_cycles_active.avg.pct_of_peak_sustained_elapsed","syslts__xbar2syslts_cycles_active.max.pct_of_peak_sustained_elapsed","syslts__xbar2syslts_cycles_active.min.pct_of_peak_sustained_elapsed","syslts__xbar2syslts_cycles_active.sum.pct_of_peak_sustained_elapsed"
"","","","","","","","","","","","","","","%","","%","%/register","%/Kbyte","","","","","","","","","","","","","","","","","","","","","","","","","","","","","","","","","","","","","","","","","","","","","","","","","","","","","","","","","","","","","","","","","","","","","","","","","","","","","","","","","","","","","","","","","","","","","","","","","","","","","","","","","","","","","","","","","","","","","","","","","","","","","","","","","","","","","","","","","","","","","","","","","","","","","","","","","","","","","","","","","","","","","","","","Gbyte/s","Gbyte/s","Gbyte/s","Gbyte/s","%","%","%","%","Ghz","Ghz","Ghz","Ghz","%","%","%","%","cycle","Ghz","cycle","Ghz","cycle","Ghz","cycle","Ghz","%","%","%","%","%","%","%","%","%","%","%","%","%","%","%","%","%","%","%","%","%","%","%","%","ms","ms","ms","ms","","","","","block","block","block","block","","","","","%","%","%","%","","","","","","","","","%","%","%","%","%","%","%","%","%","%","%","%","%","%","%","%","%","%","%","%","%","%","%","%","%","%","%","%","%","%","%","%","%","%","%","%","%","%","%","%","%","sector","sector","sector","sector","sector","sector","sector","sector","%","%","%","%","%","%","%","%","%","%","%","%","%","%","%","%","","block","block","block","","","","","cluster","block","","","","","","","","","","","","%","%","block","block","block","block","block","","","","","","Mbyte","","","","","register/thread","register/thread","Kbyte","Kbyte/block","Kbyte/block","Kbyte/block","Kbyte/block","byte/block","SM","","","thread","","","","","","","","","%","%","sector","%","%","%","%","%","%","%","%","%","%","%","%","%","%","%","%","%","%","%","%","%","%","%","%","%","%","%","%","%","%","%","%","%","%","%","%","%","","","","","","","","","","","","","","","","","","","","","","","","Gbyte","Gbyte","Gbyte","Gbyte","Gbyte","Gbyte","Gbyte","Gbyte","pass","pass","cycle","cycle","cycle","cycle","%","%","%","%","%","%","%","%","%","%","%","%","%","%","%","%","%","%","%","%","%","%","%","%","%","%","%","%","%","%","%","%","%","%","%","%","warp","%","%","%","%","%","%","%","%","%","%","%","%","%","%","%","%","%","%","%","%","%","%","%","%","%","%","%","%","%","%","%","%","%","%","%","%","%","%","%","%","%","%","%","%","%","%","%","%","%","%","%","%","%","%","%","%","%","%","%","%","%","%","%","%","%","%","warp","%","warp","%","warp","%","warp","cycle","cycle","inst","inst","inst","inst","inst","inst","inst","inst","inst","inst","inst","inst","inst","inst","inst","inst","inst","%","","%","","%","","%","","%","%","%","%","warp","","","warp","warp","warp","warp","warp","warp","warp","warp","warp","warp","warp","warp","%","%","%","%","%","%","%","%","%","%","%","%","%","%","%","%","%","%","%","%","%","%","%","%","%","%","%","%"
"0","332999","python3.12","127.0.0.1","kernel_cutlass_kernel_kernel_v165SparseMLA_object_at__tensorptrf8E4M3FNgmemalign16o819264576368645761_tensorptrf8E4M3FNgmemalign16o1310725765761_tensorptri32gmemalign16o8192204820481_tens_0","1","7","(416, 1, 1)","(8192, 1, 1)","0","10.3","0","0","no data","no data","1,300","411.000000","2580.000000","9.100000","84,500","416","4","0","1","1","1","1","1","1","1","1","419","2,032,000","1","10","3","0","1","1","1","No-CC","1","1","1","0","0","NVIDIA B300 SXM6 AC","1","1","7,680","16","1","1","7,680","1","1","1","100","1","830,607,582","12,674","32,000","16","5","5","64,000","16","161","551,948,510","1","1","0","0","0","0","1","419","0","1","0","132,644,864","192","32","74","1","1","134,217,728","1,024","1,024","64","32","2,032,000","2,147,483,647","65,535","65,535","4","1","3,996,000","82,903,040","2,147,483,647","65,536","65,536","255","49,152","232,448","233,472","1,024","2,048","64","16","2,048","32,768","32,768","65,536","32,768","2,048","32,768","131,072","16,384","16,384","16,384","2,046","32,768","32,768","2,048","32,768","268,435,456","32,768","131,072","32,768","32,768","65,536","32,768","2,048","32,768","65,000","2,097,120","131,072","32,768","32,768","131,072","16,384","32,768","16,384","8,192","16,384","8,192","2,046","32,768","32,768","4","3,996,000","1","9","0","0","0","1","148","12","4","1","0","1","0","56","0","0","1","0","1,024","10","64","1","1","512","0","1","512","32","65,536","287,428,640,768","1","1","1","32","11.446186","12.650188","5.013792","732.555884","9.548162","9.892982","7.841995","9.548162","3.995948","3.995970","3.995880","255.740641","8.122069","8.397455","7.599658","8.122069","3114270.000000","1.089479","3126153.000000","1.093636","3101487.000000","1.085007","24914160.000000","8.715828","22.438383","22.701333","22.295951","22.438383","20.785074","22.243320","9.018696","20.785074","22.589070","22.862760","22.438563","22.589070","0.004194","0.005261","0.003748","0.004194","22.589070","22.862760","22.438563","22.589070","9.548162","9.892982","7.841995","9.548162","2.858496","2.858496","2.858496","2.858496","0","0","0","0","0","0","0","0","0","0","0","0","0.076008","0.076905","0.075363","0.076008","43,317.59","45,048","41,829","6,411,003","12,783.82","13,783","11,982","1,892,005","22.438383","22.701333","22.295951","22.438383","10.054657","10.172486","9.990834","10.054657","9.588020","9.733949","9.476765","9.588020","0","0","0","0","0","0","0","0","2.291978","2.318837","2.277429","2.291978","3.913610","3.959472","3.888767","3.913610","22.589070","22.862760","22.438563","22.589070","17.013356","17.212731","16.905361","17.013356","0","0","0","0","0.517911","0","0","0","0","0","0","0","0","0","0","0","0","0.220820","0.226603","0.213946","0.220820","43.478246","43.987757","43.202261","43.478246","4.560840","4.614287","4.531889","4.560840","3","416","1","1","416","0","0","0","0","16","PolicySpread","0","1","0","CachePreferNone","1","8,192","1","1","8,192","","0","0","21.000000","32.000000","1.000000","1.000000","4.000000","845","273","0","1,677","5,915","24.870912","0","0","0","0","123","128.000000","200.704000","195.944000","195.968000","1.024000","194.920000","0","148","1,024","7","3407872","74","all","0","0","0","0","0","55.35","0","0","16779526.000000","0","0","0","0","0","0","0","0","15.023500","16.136225","5.742773","15.023500","5.945818","6.382698","0.962379","5.945818","19.029180","20.732850","9.108441","19.029180","75.052584","16.377150","17.665131","6.909137","16.377150","20.799356","22.276072","9.024772","20.799356","20.799356","22.276072","9.134871","20.799356","16.674633","18.156225","8.026111","16.674633","8","8","8","8","0","0","0","0","0","0","0","0","1","2,097,144","0","0","144","0","0","0","0","0","0","1.453546","1.453546","1.453546","21.803187","1.453546","1.453546","1.453546","21.803187","15.000000","0","3063543.331081","3103829.000000","3039491.000000","453404413.000000","32.017621","32.438081","31.763927","32.017621","4.642188","4.696589","4.612488","4.642188","0.545878","0.552275","0.542413","0.545878","0","0","0","0","3.913610","3.959472","3.888767","3.913610","0","0","0","0","3.797144","3.841642","3.773041","3.797144","0","0","0","0","32.018065","32.438530","31.774391","32.018065","13.000000","20.312500","42.841520","43.409092","42.495583","42.841520","42.841520","43.409092","42.495583","42.841520","0.106686","0.107937","0.106009","0.106686","6.735018","6.813944","6.692267","6.735018","5.397772","5.461027","5.404569","5.397772","5.337986","5.400682","5.303604","5.337986","4.443485","4.495557","4.415279","4.443485","19.469924","19.701761","19.343225","19.469924","13.772259","13.991468","13.597925","13.772259","15.066983","15.300712","14.885478","15.066983","0","0","0","0","44.127254","44.645415","43.847134","44.127254","30.953257","31.315990","30.756776","30.953257","9.121680","9.228575","9.063779","9.121680","7.517829","7.605929","7.470109","7.517829","44.127254","44.645415","43.847134","44.127254","19.313249","12.360479","19.562514","12.520009","19.156487","12.260152","19.313249","1829.350944","9.492220","9.492351","0.300022","0.042610","0.042665","0.010904","0","5.556309","0.208919","0","0.246666","0.010608","0.064095","0.344451","1.000000","0.473783","0","0","1.188723","32.718407","0.33","33.160872","0.33","32.369915","0.32","32.718407","193.69","67.281593","68.225066","66.837943","67.281593","3.250000","24.60","18.52","16.000000","3.105703","16.000000","3.145886","16.000000","3.068332","9472.000000","1838.576226","0.439866","0.451814","0.433922","260.400951","0","0","0","0","0.001953","0.002032","0.001942","0.001953","0.000003","0.000023","0","0.000003","0.000706","0.000813","0.000677","0.000706","0.004597","0.005193","0.004290","0.004597","0.001448","0.001942","0.001332","0.001448","0.003539","0.005012","0.003003","0.003539"
